11545
11546
13301
13575
13576
13018
12725
12428
13302
13019
13303
13020
11547
12726
12727
10387
9373
9374
11262
12728
12429
10388
13021
12430
10959
9858
10389
13022
10390
13023
10112
12431
13577
13578
12135
13304
13579
10391
11548
13024
12136
13025
12729
11549
13026
13027
11263
13305
13580
7419
13306
10392
13307
10960
13028
13029
10393
13308
12730
13030
12432
12137
10394
12731
12732
13581
12733
12433
12434
13031
11550
11551
12435
10113
10114
10115
13582
13309
12138
10961
11264
13310
12139
9859
12436
10676
11552
13311
12437
13312
10395
12140
11553
12438
12734
10116
13313
13314
13583
9607
10117
11843
12735
12141
9608
9127
10962
11844
10677
13315
13032
12736
13584
12142
12439
12143
11845
10963
11554
9860
9128
11555
12737
13585
13033
13034
13586
9861
13316
11846
12738
10396
13035
13036
13037
10397
10398
12440
12739
12740
9862
9375
13587
12741
13317
11556
12144
13588
13318
12145
13038
12146
13039
12742
13040
11557
13041
13042
11265
13589
13590
13591
8466
13592
13319
12147
10964
12743
12148
12441
13043
12744
12149
12745
12442
13044
10678
13320
13593
13594
12443
11558
13595
13321
10399
12150
13596
9609
11559
13045
11560
12151
13046
11561
12746
11562
13322
13047
11847
13323
12152
10118
12444
13048
13324
13597
11563
12153
13325
11848
11849
13326
13598
9863
10119
13049
13327
13599
7831
13328
13329
13330
13050
13600
12747
11564
13331
12154
11850
13051
13052
10965
13053
10966
10400
9376
8899
11266
11851
12748
13601
13054
11267
10401
13055
12749
10679
12155
12750
10967
9864
13056
11565
12751
11566
10402
10120
11567
12445
13057
13602
11568
11569
13332
12446
13603
12447
13333
12156
11268
11269
12448
13058
10403
13604
12752
8043
12449
13605
11852
11570
13059
10968
13060
13334
11270
11853
13606
10969
13607
9865
10680
11571
12450
12451
12753
12754
13608
11271
10121
12157
12452
10970
13335
13609
13610
12453
12158
13061
13611
13612
11272
12159
12454
13613
13336
11572
11854
13062
12455
11273
11855
13337
9377
9129
12755
13614
13615
12756
13616
11856
7420
10681
12456
13617
12757
12758
13618
11857
12457
10122
11858
13063
11859
9866
10971
10972
13619
13620
13338
12759
13339
13621
10682
10404
13622
13340
12458
12160
11860
11861
10973
11274
12459
13341
11275
10123
12161
12760
12162
11573
13064
9610
10683
10684
11862
13623
11276
12761
13342
13065
13066
13067
7832
13624
12163
12460
11863
13343
13344
11574
12461
13625
11864
13345
11277
11865
7833
12462
12762
12763
12764
13626
11278
13346
12463
12464
13627
12465
11279
10124
11866
13628
13068
13347
12466
13348
8044
13629
12467
11867
13069
13630
12765
13631
12164
13349
13350
13351
10974
12766
11575
13070
10405
10685
13352
13632
13633
10406
13634
10686
11576
12767
8255
13353
13354
13635
13636
10125
11868
11577
12768
13071
10687
13072
8045
11869
11578
11870
10407
12769
13073
12468
13074
12469
13075
8678
13355
13076
8900
13637
13638
12770
12165
12166
10975
11579
13639
13077
13640
13641
12771
12167
13356
13078
10126
13642
13643
13644
11580
7216
9611
12168
11280
12772
9867
12470
13645
12773
12471
10688
13079
13646
13080
12472
12473
12474
12169
13647
9130
13081
13357
13648
12774
9378
12775
12776
13649
12777
13082
10689
10408
